{
 "cells": [
  {
   "cell_type": "code",
   "execution_count": 1,
   "id": "7e35074e-e08f-459a-90be-18f46680b042",
   "metadata": {},
   "outputs": [],
   "source": [
    "import numpy as np\n",
    "import pandas as pd\n",
    "import matplotlib.pyplot as plt\n",
    "import seaborn as sns"
   ]
  },
  {
   "cell_type": "code",
   "execution_count": 2,
   "id": "a6abac4b-c4ca-457a-9f2c-52651aef9ec3",
   "metadata": {},
   "outputs": [],
   "source": [
    "df=pd.read_csv('framingham.csv')"
   ]
  },
  {
   "cell_type": "code",
   "execution_count": 3,
   "id": "79a7d419-420f-4f1a-8a42-4199de82b46d",
   "metadata": {},
   "outputs": [
    {
     "name": "stdout",
     "output_type": "stream",
     "text": [
      "<class 'pandas.core.frame.DataFrame'>\n",
      "RangeIndex: 4240 entries, 0 to 4239\n",
      "Data columns (total 16 columns):\n",
      " #   Column           Non-Null Count  Dtype  \n",
      "---  ------           --------------  -----  \n",
      " 0   male             4240 non-null   int64  \n",
      " 1   age              4240 non-null   int64  \n",
      " 2   education        4135 non-null   float64\n",
      " 3   currentSmoker    4240 non-null   int64  \n",
      " 4   cigsPerDay       4211 non-null   float64\n",
      " 5   BPMeds           4187 non-null   float64\n",
      " 6   prevalentStroke  4240 non-null   int64  \n",
      " 7   prevalentHyp     4240 non-null   int64  \n",
      " 8   diabetes         4240 non-null   int64  \n",
      " 9   totChol          4190 non-null   float64\n",
      " 10  sysBP            4240 non-null   float64\n",
      " 11  diaBP            4240 non-null   float64\n",
      " 12  BMI              4221 non-null   float64\n",
      " 13  heartRate        4239 non-null   float64\n",
      " 14  glucose          3852 non-null   float64\n",
      " 15  TenYearCHD       4240 non-null   int64  \n",
      "dtypes: float64(9), int64(7)\n",
      "memory usage: 530.1 KB\n"
     ]
    }
   ],
   "source": [
    "df.info()"
   ]
  },
  {
   "cell_type": "code",
   "execution_count": 4,
   "id": "b8e66b54-ceb5-4853-a525-a16ef2687edc",
   "metadata": {},
   "outputs": [
    {
     "data": {
      "text/html": [
       "<div>\n",
       "<style scoped>\n",
       "    .dataframe tbody tr th:only-of-type {\n",
       "        vertical-align: middle;\n",
       "    }\n",
       "\n",
       "    .dataframe tbody tr th {\n",
       "        vertical-align: top;\n",
       "    }\n",
       "\n",
       "    .dataframe thead th {\n",
       "        text-align: right;\n",
       "    }\n",
       "</style>\n",
       "<table border=\"1\" class=\"dataframe\">\n",
       "  <thead>\n",
       "    <tr style=\"text-align: right;\">\n",
       "      <th></th>\n",
       "      <th>male</th>\n",
       "      <th>age</th>\n",
       "      <th>education</th>\n",
       "      <th>currentSmoker</th>\n",
       "      <th>cigsPerDay</th>\n",
       "      <th>BPMeds</th>\n",
       "      <th>prevalentStroke</th>\n",
       "      <th>prevalentHyp</th>\n",
       "      <th>diabetes</th>\n",
       "      <th>totChol</th>\n",
       "      <th>sysBP</th>\n",
       "      <th>diaBP</th>\n",
       "      <th>BMI</th>\n",
       "      <th>heartRate</th>\n",
       "      <th>glucose</th>\n",
       "      <th>TenYearCHD</th>\n",
       "    </tr>\n",
       "  </thead>\n",
       "  <tbody>\n",
       "    <tr>\n",
       "      <th>0</th>\n",
       "      <td>1</td>\n",
       "      <td>39</td>\n",
       "      <td>4.0</td>\n",
       "      <td>0</td>\n",
       "      <td>0.0</td>\n",
       "      <td>0.0</td>\n",
       "      <td>0</td>\n",
       "      <td>0</td>\n",
       "      <td>0</td>\n",
       "      <td>195.0</td>\n",
       "      <td>106.0</td>\n",
       "      <td>70.0</td>\n",
       "      <td>26.97</td>\n",
       "      <td>80.0</td>\n",
       "      <td>77.0</td>\n",
       "      <td>0</td>\n",
       "    </tr>\n",
       "    <tr>\n",
       "      <th>1</th>\n",
       "      <td>0</td>\n",
       "      <td>46</td>\n",
       "      <td>2.0</td>\n",
       "      <td>0</td>\n",
       "      <td>0.0</td>\n",
       "      <td>0.0</td>\n",
       "      <td>0</td>\n",
       "      <td>0</td>\n",
       "      <td>0</td>\n",
       "      <td>250.0</td>\n",
       "      <td>121.0</td>\n",
       "      <td>81.0</td>\n",
       "      <td>28.73</td>\n",
       "      <td>95.0</td>\n",
       "      <td>76.0</td>\n",
       "      <td>0</td>\n",
       "    </tr>\n",
       "    <tr>\n",
       "      <th>2</th>\n",
       "      <td>1</td>\n",
       "      <td>48</td>\n",
       "      <td>1.0</td>\n",
       "      <td>1</td>\n",
       "      <td>20.0</td>\n",
       "      <td>0.0</td>\n",
       "      <td>0</td>\n",
       "      <td>0</td>\n",
       "      <td>0</td>\n",
       "      <td>245.0</td>\n",
       "      <td>127.5</td>\n",
       "      <td>80.0</td>\n",
       "      <td>25.34</td>\n",
       "      <td>75.0</td>\n",
       "      <td>70.0</td>\n",
       "      <td>0</td>\n",
       "    </tr>\n",
       "    <tr>\n",
       "      <th>3</th>\n",
       "      <td>0</td>\n",
       "      <td>61</td>\n",
       "      <td>3.0</td>\n",
       "      <td>1</td>\n",
       "      <td>30.0</td>\n",
       "      <td>0.0</td>\n",
       "      <td>0</td>\n",
       "      <td>1</td>\n",
       "      <td>0</td>\n",
       "      <td>225.0</td>\n",
       "      <td>150.0</td>\n",
       "      <td>95.0</td>\n",
       "      <td>28.58</td>\n",
       "      <td>65.0</td>\n",
       "      <td>103.0</td>\n",
       "      <td>1</td>\n",
       "    </tr>\n",
       "    <tr>\n",
       "      <th>4</th>\n",
       "      <td>0</td>\n",
       "      <td>46</td>\n",
       "      <td>3.0</td>\n",
       "      <td>1</td>\n",
       "      <td>23.0</td>\n",
       "      <td>0.0</td>\n",
       "      <td>0</td>\n",
       "      <td>0</td>\n",
       "      <td>0</td>\n",
       "      <td>285.0</td>\n",
       "      <td>130.0</td>\n",
       "      <td>84.0</td>\n",
       "      <td>23.10</td>\n",
       "      <td>85.0</td>\n",
       "      <td>85.0</td>\n",
       "      <td>0</td>\n",
       "    </tr>\n",
       "  </tbody>\n",
       "</table>\n",
       "</div>"
      ],
      "text/plain": [
       "   male  age  education  currentSmoker  cigsPerDay  BPMeds  prevalentStroke  \\\n",
       "0     1   39        4.0              0         0.0     0.0                0   \n",
       "1     0   46        2.0              0         0.0     0.0                0   \n",
       "2     1   48        1.0              1        20.0     0.0                0   \n",
       "3     0   61        3.0              1        30.0     0.0                0   \n",
       "4     0   46        3.0              1        23.0     0.0                0   \n",
       "\n",
       "   prevalentHyp  diabetes  totChol  sysBP  diaBP    BMI  heartRate  glucose  \\\n",
       "0             0         0    195.0  106.0   70.0  26.97       80.0     77.0   \n",
       "1             0         0    250.0  121.0   81.0  28.73       95.0     76.0   \n",
       "2             0         0    245.0  127.5   80.0  25.34       75.0     70.0   \n",
       "3             1         0    225.0  150.0   95.0  28.58       65.0    103.0   \n",
       "4             0         0    285.0  130.0   84.0  23.10       85.0     85.0   \n",
       "\n",
       "   TenYearCHD  \n",
       "0           0  \n",
       "1           0  \n",
       "2           0  \n",
       "3           1  \n",
       "4           0  "
      ]
     },
     "execution_count": 4,
     "metadata": {},
     "output_type": "execute_result"
    }
   ],
   "source": [
    "df.head()"
   ]
  },
  {
   "cell_type": "code",
   "execution_count": 5,
   "id": "b7f98d61-2064-4f3b-b963-18778609fe06",
   "metadata": {},
   "outputs": [],
   "source": [
    "df.dropna(axis=0,inplace=True)"
   ]
  },
  {
   "cell_type": "code",
   "execution_count": 6,
   "id": "8954e409-fc22-427e-88b7-55d743416bf7",
   "metadata": {},
   "outputs": [
    {
     "name": "stdout",
     "output_type": "stream",
     "text": [
      "<class 'pandas.core.frame.DataFrame'>\n",
      "Index: 3658 entries, 0 to 4239\n",
      "Data columns (total 16 columns):\n",
      " #   Column           Non-Null Count  Dtype  \n",
      "---  ------           --------------  -----  \n",
      " 0   male             3658 non-null   int64  \n",
      " 1   age              3658 non-null   int64  \n",
      " 2   education        3658 non-null   float64\n",
      " 3   currentSmoker    3658 non-null   int64  \n",
      " 4   cigsPerDay       3658 non-null   float64\n",
      " 5   BPMeds           3658 non-null   float64\n",
      " 6   prevalentStroke  3658 non-null   int64  \n",
      " 7   prevalentHyp     3658 non-null   int64  \n",
      " 8   diabetes         3658 non-null   int64  \n",
      " 9   totChol          3658 non-null   float64\n",
      " 10  sysBP            3658 non-null   float64\n",
      " 11  diaBP            3658 non-null   float64\n",
      " 12  BMI              3658 non-null   float64\n",
      " 13  heartRate        3658 non-null   float64\n",
      " 14  glucose          3658 non-null   float64\n",
      " 15  TenYearCHD       3658 non-null   int64  \n",
      "dtypes: float64(9), int64(7)\n",
      "memory usage: 485.8 KB\n"
     ]
    }
   ],
   "source": [
    "df.info()"
   ]
  },
  {
   "cell_type": "code",
   "execution_count": 7,
   "id": "b5d09afa-8812-4fc3-9872-2a91fc11334c",
   "metadata": {},
   "outputs": [
    {
     "data": {
      "text/html": [
       "<div>\n",
       "<style scoped>\n",
       "    .dataframe tbody tr th:only-of-type {\n",
       "        vertical-align: middle;\n",
       "    }\n",
       "\n",
       "    .dataframe tbody tr th {\n",
       "        vertical-align: top;\n",
       "    }\n",
       "\n",
       "    .dataframe thead th {\n",
       "        text-align: right;\n",
       "    }\n",
       "</style>\n",
       "<table border=\"1\" class=\"dataframe\">\n",
       "  <thead>\n",
       "    <tr style=\"text-align: right;\">\n",
       "      <th></th>\n",
       "      <th>male</th>\n",
       "      <th>age</th>\n",
       "      <th>education</th>\n",
       "      <th>currentSmoker</th>\n",
       "      <th>cigsPerDay</th>\n",
       "      <th>BPMeds</th>\n",
       "      <th>prevalentStroke</th>\n",
       "      <th>prevalentHyp</th>\n",
       "      <th>diabetes</th>\n",
       "      <th>totChol</th>\n",
       "      <th>sysBP</th>\n",
       "      <th>diaBP</th>\n",
       "      <th>BMI</th>\n",
       "      <th>heartRate</th>\n",
       "      <th>glucose</th>\n",
       "      <th>TenYearCHD</th>\n",
       "    </tr>\n",
       "  </thead>\n",
       "  <tbody>\n",
       "    <tr>\n",
       "      <th>male</th>\n",
       "      <td>1.000000</td>\n",
       "      <td>-0.024412</td>\n",
       "      <td>0.017729</td>\n",
       "      <td>0.206114</td>\n",
       "      <td>0.330322</td>\n",
       "      <td>-0.052124</td>\n",
       "      <td>-0.002312</td>\n",
       "      <td>0.001424</td>\n",
       "      <td>0.013819</td>\n",
       "      <td>-0.070321</td>\n",
       "      <td>-0.045358</td>\n",
       "      <td>0.051872</td>\n",
       "      <td>0.073111</td>\n",
       "      <td>-0.115285</td>\n",
       "      <td>0.002940</td>\n",
       "      <td>0.091688</td>\n",
       "    </tr>\n",
       "    <tr>\n",
       "      <th>age</th>\n",
       "      <td>-0.024412</td>\n",
       "      <td>1.000000</td>\n",
       "      <td>-0.159499</td>\n",
       "      <td>-0.210771</td>\n",
       "      <td>-0.189295</td>\n",
       "      <td>0.134732</td>\n",
       "      <td>0.050893</td>\n",
       "      <td>0.306239</td>\n",
       "      <td>0.109092</td>\n",
       "      <td>0.268252</td>\n",
       "      <td>0.388267</td>\n",
       "      <td>0.208283</td>\n",
       "      <td>0.137511</td>\n",
       "      <td>-0.002722</td>\n",
       "      <td>0.118349</td>\n",
       "      <td>0.233983</td>\n",
       "    </tr>\n",
       "    <tr>\n",
       "      <th>education</th>\n",
       "      <td>0.017729</td>\n",
       "      <td>-0.159499</td>\n",
       "      <td>1.000000</td>\n",
       "      <td>0.025251</td>\n",
       "      <td>0.013790</td>\n",
       "      <td>-0.013739</td>\n",
       "      <td>-0.030386</td>\n",
       "      <td>-0.078828</td>\n",
       "      <td>-0.039627</td>\n",
       "      <td>-0.013522</td>\n",
       "      <td>-0.124360</td>\n",
       "      <td>-0.058059</td>\n",
       "      <td>-0.137555</td>\n",
       "      <td>-0.064214</td>\n",
       "      <td>-0.031998</td>\n",
       "      <td>-0.063279</td>\n",
       "    </tr>\n",
       "    <tr>\n",
       "      <th>currentSmoker</th>\n",
       "      <td>0.206114</td>\n",
       "      <td>-0.210771</td>\n",
       "      <td>0.025251</td>\n",
       "      <td>1.000000</td>\n",
       "      <td>0.773913</td>\n",
       "      <td>-0.051923</td>\n",
       "      <td>-0.038150</td>\n",
       "      <td>-0.108078</td>\n",
       "      <td>-0.041849</td>\n",
       "      <td>-0.051034</td>\n",
       "      <td>-0.134428</td>\n",
       "      <td>-0.115955</td>\n",
       "      <td>-0.159821</td>\n",
       "      <td>0.050841</td>\n",
       "      <td>-0.053242</td>\n",
       "      <td>0.019165</td>\n",
       "    </tr>\n",
       "    <tr>\n",
       "      <th>cigsPerDay</th>\n",
       "      <td>0.330322</td>\n",
       "      <td>-0.189295</td>\n",
       "      <td>0.013790</td>\n",
       "      <td>0.773913</td>\n",
       "      <td>1.000000</td>\n",
       "      <td>-0.046504</td>\n",
       "      <td>-0.036286</td>\n",
       "      <td>-0.070460</td>\n",
       "      <td>-0.036961</td>\n",
       "      <td>-0.030400</td>\n",
       "      <td>-0.094781</td>\n",
       "      <td>-0.056746</td>\n",
       "      <td>-0.087395</td>\n",
       "      <td>0.064030</td>\n",
       "      <td>-0.053726</td>\n",
       "      <td>0.052014</td>\n",
       "    </tr>\n",
       "    <tr>\n",
       "      <th>BPMeds</th>\n",
       "      <td>-0.052124</td>\n",
       "      <td>0.134732</td>\n",
       "      <td>-0.013739</td>\n",
       "      <td>-0.051923</td>\n",
       "      <td>-0.046504</td>\n",
       "      <td>1.000000</td>\n",
       "      <td>0.113125</td>\n",
       "      <td>0.262910</td>\n",
       "      <td>0.049066</td>\n",
       "      <td>0.094083</td>\n",
       "      <td>0.271263</td>\n",
       "      <td>0.199630</td>\n",
       "      <td>0.105642</td>\n",
       "      <td>0.012889</td>\n",
       "      <td>0.054232</td>\n",
       "      <td>0.089152</td>\n",
       "    </tr>\n",
       "    <tr>\n",
       "      <th>prevalentStroke</th>\n",
       "      <td>-0.002312</td>\n",
       "      <td>0.050893</td>\n",
       "      <td>-0.030386</td>\n",
       "      <td>-0.038150</td>\n",
       "      <td>-0.036286</td>\n",
       "      <td>0.113125</td>\n",
       "      <td>1.000000</td>\n",
       "      <td>0.066057</td>\n",
       "      <td>0.009625</td>\n",
       "      <td>0.012736</td>\n",
       "      <td>0.061070</td>\n",
       "      <td>0.055834</td>\n",
       "      <td>0.036496</td>\n",
       "      <td>-0.017019</td>\n",
       "      <td>0.016061</td>\n",
       "      <td>0.048366</td>\n",
       "    </tr>\n",
       "    <tr>\n",
       "      <th>prevalentHyp</th>\n",
       "      <td>0.001424</td>\n",
       "      <td>0.306239</td>\n",
       "      <td>-0.078828</td>\n",
       "      <td>-0.108078</td>\n",
       "      <td>-0.070460</td>\n",
       "      <td>0.262910</td>\n",
       "      <td>0.066057</td>\n",
       "      <td>1.000000</td>\n",
       "      <td>0.080556</td>\n",
       "      <td>0.166655</td>\n",
       "      <td>0.697675</td>\n",
       "      <td>0.617734</td>\n",
       "      <td>0.302949</td>\n",
       "      <td>0.146818</td>\n",
       "      <td>0.086942</td>\n",
       "      <td>0.181387</td>\n",
       "    </tr>\n",
       "    <tr>\n",
       "      <th>diabetes</th>\n",
       "      <td>0.013819</td>\n",
       "      <td>0.109092</td>\n",
       "      <td>-0.039627</td>\n",
       "      <td>-0.041849</td>\n",
       "      <td>-0.036961</td>\n",
       "      <td>0.049066</td>\n",
       "      <td>0.009625</td>\n",
       "      <td>0.080556</td>\n",
       "      <td>1.000000</td>\n",
       "      <td>0.048451</td>\n",
       "      <td>0.102552</td>\n",
       "      <td>0.050686</td>\n",
       "      <td>0.089009</td>\n",
       "      <td>0.060984</td>\n",
       "      <td>0.614820</td>\n",
       "      <td>0.093431</td>\n",
       "    </tr>\n",
       "    <tr>\n",
       "      <th>totChol</th>\n",
       "      <td>-0.070321</td>\n",
       "      <td>0.268252</td>\n",
       "      <td>-0.013522</td>\n",
       "      <td>-0.051034</td>\n",
       "      <td>-0.030400</td>\n",
       "      <td>0.094083</td>\n",
       "      <td>0.012736</td>\n",
       "      <td>0.166655</td>\n",
       "      <td>0.048451</td>\n",
       "      <td>1.000000</td>\n",
       "      <td>0.219925</td>\n",
       "      <td>0.174422</td>\n",
       "      <td>0.121056</td>\n",
       "      <td>0.093053</td>\n",
       "      <td>0.049884</td>\n",
       "      <td>0.091338</td>\n",
       "    </tr>\n",
       "    <tr>\n",
       "      <th>sysBP</th>\n",
       "      <td>-0.045358</td>\n",
       "      <td>0.388267</td>\n",
       "      <td>-0.124360</td>\n",
       "      <td>-0.134428</td>\n",
       "      <td>-0.094781</td>\n",
       "      <td>0.271263</td>\n",
       "      <td>0.061070</td>\n",
       "      <td>0.697675</td>\n",
       "      <td>0.102552</td>\n",
       "      <td>0.219925</td>\n",
       "      <td>1.000000</td>\n",
       "      <td>0.786669</td>\n",
       "      <td>0.330917</td>\n",
       "      <td>0.184797</td>\n",
       "      <td>0.134651</td>\n",
       "      <td>0.222821</td>\n",
       "    </tr>\n",
       "    <tr>\n",
       "      <th>diaBP</th>\n",
       "      <td>0.051872</td>\n",
       "      <td>0.208283</td>\n",
       "      <td>-0.058059</td>\n",
       "      <td>-0.115955</td>\n",
       "      <td>-0.056746</td>\n",
       "      <td>0.199630</td>\n",
       "      <td>0.055834</td>\n",
       "      <td>0.617734</td>\n",
       "      <td>0.050686</td>\n",
       "      <td>0.174422</td>\n",
       "      <td>0.786669</td>\n",
       "      <td>1.000000</td>\n",
       "      <td>0.385348</td>\n",
       "      <td>0.178744</td>\n",
       "      <td>0.063540</td>\n",
       "      <td>0.150124</td>\n",
       "    </tr>\n",
       "    <tr>\n",
       "      <th>BMI</th>\n",
       "      <td>0.073111</td>\n",
       "      <td>0.137511</td>\n",
       "      <td>-0.137555</td>\n",
       "      <td>-0.159821</td>\n",
       "      <td>-0.087395</td>\n",
       "      <td>0.105642</td>\n",
       "      <td>0.036496</td>\n",
       "      <td>0.302949</td>\n",
       "      <td>0.089009</td>\n",
       "      <td>0.121056</td>\n",
       "      <td>0.330917</td>\n",
       "      <td>0.385348</td>\n",
       "      <td>1.000000</td>\n",
       "      <td>0.074131</td>\n",
       "      <td>0.083683</td>\n",
       "      <td>0.082055</td>\n",
       "    </tr>\n",
       "    <tr>\n",
       "      <th>heartRate</th>\n",
       "      <td>-0.115285</td>\n",
       "      <td>-0.002722</td>\n",
       "      <td>-0.064214</td>\n",
       "      <td>0.050841</td>\n",
       "      <td>0.064030</td>\n",
       "      <td>0.012889</td>\n",
       "      <td>-0.017019</td>\n",
       "      <td>0.146818</td>\n",
       "      <td>0.060984</td>\n",
       "      <td>0.093053</td>\n",
       "      <td>0.184797</td>\n",
       "      <td>0.178744</td>\n",
       "      <td>0.074131</td>\n",
       "      <td>1.000000</td>\n",
       "      <td>0.097074</td>\n",
       "      <td>0.020514</td>\n",
       "    </tr>\n",
       "    <tr>\n",
       "      <th>glucose</th>\n",
       "      <td>0.002940</td>\n",
       "      <td>0.118349</td>\n",
       "      <td>-0.031998</td>\n",
       "      <td>-0.053242</td>\n",
       "      <td>-0.053726</td>\n",
       "      <td>0.054232</td>\n",
       "      <td>0.016061</td>\n",
       "      <td>0.086942</td>\n",
       "      <td>0.614820</td>\n",
       "      <td>0.049884</td>\n",
       "      <td>0.134651</td>\n",
       "      <td>0.063540</td>\n",
       "      <td>0.083683</td>\n",
       "      <td>0.097074</td>\n",
       "      <td>1.000000</td>\n",
       "      <td>0.121990</td>\n",
       "    </tr>\n",
       "    <tr>\n",
       "      <th>TenYearCHD</th>\n",
       "      <td>0.091688</td>\n",
       "      <td>0.233983</td>\n",
       "      <td>-0.063279</td>\n",
       "      <td>0.019165</td>\n",
       "      <td>0.052014</td>\n",
       "      <td>0.089152</td>\n",
       "      <td>0.048366</td>\n",
       "      <td>0.181387</td>\n",
       "      <td>0.093431</td>\n",
       "      <td>0.091338</td>\n",
       "      <td>0.222821</td>\n",
       "      <td>0.150124</td>\n",
       "      <td>0.082055</td>\n",
       "      <td>0.020514</td>\n",
       "      <td>0.121990</td>\n",
       "      <td>1.000000</td>\n",
       "    </tr>\n",
       "  </tbody>\n",
       "</table>\n",
       "</div>"
      ],
      "text/plain": [
       "                     male       age  education  currentSmoker  cigsPerDay  \\\n",
       "male             1.000000 -0.024412   0.017729       0.206114    0.330322   \n",
       "age             -0.024412  1.000000  -0.159499      -0.210771   -0.189295   \n",
       "education        0.017729 -0.159499   1.000000       0.025251    0.013790   \n",
       "currentSmoker    0.206114 -0.210771   0.025251       1.000000    0.773913   \n",
       "cigsPerDay       0.330322 -0.189295   0.013790       0.773913    1.000000   \n",
       "BPMeds          -0.052124  0.134732  -0.013739      -0.051923   -0.046504   \n",
       "prevalentStroke -0.002312  0.050893  -0.030386      -0.038150   -0.036286   \n",
       "prevalentHyp     0.001424  0.306239  -0.078828      -0.108078   -0.070460   \n",
       "diabetes         0.013819  0.109092  -0.039627      -0.041849   -0.036961   \n",
       "totChol         -0.070321  0.268252  -0.013522      -0.051034   -0.030400   \n",
       "sysBP           -0.045358  0.388267  -0.124360      -0.134428   -0.094781   \n",
       "diaBP            0.051872  0.208283  -0.058059      -0.115955   -0.056746   \n",
       "BMI              0.073111  0.137511  -0.137555      -0.159821   -0.087395   \n",
       "heartRate       -0.115285 -0.002722  -0.064214       0.050841    0.064030   \n",
       "glucose          0.002940  0.118349  -0.031998      -0.053242   -0.053726   \n",
       "TenYearCHD       0.091688  0.233983  -0.063279       0.019165    0.052014   \n",
       "\n",
       "                   BPMeds  prevalentStroke  prevalentHyp  diabetes   totChol  \\\n",
       "male            -0.052124        -0.002312      0.001424  0.013819 -0.070321   \n",
       "age              0.134732         0.050893      0.306239  0.109092  0.268252   \n",
       "education       -0.013739        -0.030386     -0.078828 -0.039627 -0.013522   \n",
       "currentSmoker   -0.051923        -0.038150     -0.108078 -0.041849 -0.051034   \n",
       "cigsPerDay      -0.046504        -0.036286     -0.070460 -0.036961 -0.030400   \n",
       "BPMeds           1.000000         0.113125      0.262910  0.049066  0.094083   \n",
       "prevalentStroke  0.113125         1.000000      0.066057  0.009625  0.012736   \n",
       "prevalentHyp     0.262910         0.066057      1.000000  0.080556  0.166655   \n",
       "diabetes         0.049066         0.009625      0.080556  1.000000  0.048451   \n",
       "totChol          0.094083         0.012736      0.166655  0.048451  1.000000   \n",
       "sysBP            0.271263         0.061070      0.697675  0.102552  0.219925   \n",
       "diaBP            0.199630         0.055834      0.617734  0.050686  0.174422   \n",
       "BMI              0.105642         0.036496      0.302949  0.089009  0.121056   \n",
       "heartRate        0.012889        -0.017019      0.146818  0.060984  0.093053   \n",
       "glucose          0.054232         0.016061      0.086942  0.614820  0.049884   \n",
       "TenYearCHD       0.089152         0.048366      0.181387  0.093431  0.091338   \n",
       "\n",
       "                    sysBP     diaBP       BMI  heartRate   glucose  TenYearCHD  \n",
       "male            -0.045358  0.051872  0.073111  -0.115285  0.002940    0.091688  \n",
       "age              0.388267  0.208283  0.137511  -0.002722  0.118349    0.233983  \n",
       "education       -0.124360 -0.058059 -0.137555  -0.064214 -0.031998   -0.063279  \n",
       "currentSmoker   -0.134428 -0.115955 -0.159821   0.050841 -0.053242    0.019165  \n",
       "cigsPerDay      -0.094781 -0.056746 -0.087395   0.064030 -0.053726    0.052014  \n",
       "BPMeds           0.271263  0.199630  0.105642   0.012889  0.054232    0.089152  \n",
       "prevalentStroke  0.061070  0.055834  0.036496  -0.017019  0.016061    0.048366  \n",
       "prevalentHyp     0.697675  0.617734  0.302949   0.146818  0.086942    0.181387  \n",
       "diabetes         0.102552  0.050686  0.089009   0.060984  0.614820    0.093431  \n",
       "totChol          0.219925  0.174422  0.121056   0.093053  0.049884    0.091338  \n",
       "sysBP            1.000000  0.786669  0.330917   0.184797  0.134651    0.222821  \n",
       "diaBP            0.786669  1.000000  0.385348   0.178744  0.063540    0.150124  \n",
       "BMI              0.330917  0.385348  1.000000   0.074131  0.083683    0.082055  \n",
       "heartRate        0.184797  0.178744  0.074131   1.000000  0.097074    0.020514  \n",
       "glucose          0.134651  0.063540  0.083683   0.097074  1.000000    0.121990  \n",
       "TenYearCHD       0.222821  0.150124  0.082055   0.020514  0.121990    1.000000  "
      ]
     },
     "execution_count": 7,
     "metadata": {},
     "output_type": "execute_result"
    }
   ],
   "source": [
    "df.corr()"
   ]
  },
  {
   "cell_type": "code",
   "execution_count": 8,
   "id": "c4470529-0856-4052-8ff6-83a5b01c4e76",
   "metadata": {},
   "outputs": [],
   "source": [
    "y=df['TenYearCHD']\n",
    "x=df.drop(['TenYearCHD'],axis=1)"
   ]
  },
  {
   "cell_type": "code",
   "execution_count": 9,
   "id": "c4e17a01-f1e6-442c-ba81-93398520cb62",
   "metadata": {},
   "outputs": [],
   "source": [
    "from sklearn.model_selection import train_test_split\n",
    "\n",
    "x_train,x_test,y_train,y_test=train_test_split(x,y,train_size=0.7,random_state=123456)"
   ]
  },
  {
   "cell_type": "code",
   "execution_count": 10,
   "id": "a032aacc-b1e5-4c5b-9e9d-55b6b233a4f4",
   "metadata": {},
   "outputs": [],
   "source": [
    "def train_model_lg():\n",
    "    from sklearn.linear_model import LogisticRegressionCV\n",
    "    model=LogisticRegressionCV()\n",
    "    model.fit(x_train,y_train)\n",
    "    return model"
   ]
  },
  {
   "cell_type": "code",
   "execution_count": 11,
   "id": "4f5c5bc7-f1b7-4c8f-a976-aa56f4462eca",
   "metadata": {},
   "outputs": [],
   "source": [
    "def train_model_KNN():\n",
    "    from sklearn.neighbors import KNeighborsClassifier\n",
    "    model=KNeighborsClassifier()\n",
    "    model.fit(x_train,y_train)\n",
    "    return model"
   ]
  },
  {
   "cell_type": "code",
   "execution_count": 12,
   "id": "dab2e52c-1cb7-4ad8-8634-6461768d1991",
   "metadata": {},
   "outputs": [],
   "source": [
    "def train_model_svm():\n",
    "    from sklearn.svm import SVC\n",
    "    model=SVC()\n",
    "    model.fit(x_train,y_train)\n",
    "    return model"
   ]
  },
  {
   "cell_type": "code",
   "execution_count": 13,
   "id": "d35eda24-70c0-459a-b578-7beeb9b6192d",
   "metadata": {},
   "outputs": [],
   "source": [
    "def train_model_nb():\n",
    "    from sklearn.naive_bayes import GaussianNB\n",
    "    model=GaussianNB()\n",
    "    model.fit(x_train,y_train)\n",
    "    return model"
   ]
  },
  {
   "cell_type": "code",
   "execution_count": 14,
   "id": "1ed95d07-465a-4d24-8d63-0cfc4cd2d712",
   "metadata": {},
   "outputs": [],
   "source": [
    "def train_model_rf():\n",
    "    from sklearn.ensemble import RandomForestClassifier\n",
    "    model=RandomForestClassifier()\n",
    "    model.fit(x_train,y_train)\n",
    "    return model"
   ]
  },
  {
   "cell_type": "code",
   "execution_count": 15,
   "id": "c5acce53-d242-45f3-ba9c-d2fb9dde9731",
   "metadata": {},
   "outputs": [],
   "source": [
    "def train_model_dt():\n",
    "    from sklearn.tree import DecisionTreeClassifier\n",
    "    model=DecisionTreeClassifier()\n",
    "    model.fit(x_train,y_train)\n",
    "    return model"
   ]
  },
  {
   "cell_type": "code",
   "execution_count": 16,
   "id": "a34c8544-28d5-4fc5-b31f-84c16f0abb96",
   "metadata": {},
   "outputs": [],
   "source": [
    "def train_model_catboost():\n",
    "    from catboost import CatBoostClassifier\n",
    "    model = CatBoostClassifier()\n",
    "    result = model.fit(x_train,y_train)\n",
    "    return model"
   ]
  },
  {
   "cell_type": "code",
   "execution_count": 17,
   "id": "c6bb0b44-373a-4f18-86a7-88c1a8276a47",
   "metadata": {},
   "outputs": [],
   "source": [
    "def train_model_adaboot():\n",
    "    from sklearn.ensemble import AdaBoostClassifier\n",
    "    model = AdaBoostClassifier()\n",
    "    result = model.fit(x_train,y_train)\n",
    "    return model"
   ]
  },
  {
   "cell_type": "code",
   "execution_count": 18,
   "id": "c4c8404f-de89-4a2b-8c99-6e48181f91d7",
   "metadata": {},
   "outputs": [],
   "source": [
    "def train_model_xgb():\n",
    "    from xgboost import XGBClassifier\n",
    "    model = XGBClassifier()\n",
    "    result = model.fit(x_train,y_train)\n",
    "    return model"
   ]
  },
  {
   "cell_type": "code",
   "execution_count": 19,
   "id": "1321808b-6ddd-42f5-a73c-46d110fc0bf8",
   "metadata": {},
   "outputs": [],
   "source": [
    "def evaluate_model(model,model_name):\n",
    "    from sklearn.metrics import accuracy_score,precision_score,recall_score,f1_score\n",
    "    y_pred=model.predict(x_test)\n",
    "    y_true=y_test\n",
    "    accuracy=accuracy_score(y_true,y_pred)\n",
    "    precision=precision_score(y_true,y_pred)\n",
    "    recall=recall_score(y_true,y_pred)\n",
    "    f1=f1_score(y_true,y_pred)\n",
    "    return model_name,accuracy,precision,recall,f1"
   ]
  },
  {
   "cell_type": "code",
   "execution_count": 20,
   "id": "9aee4fa8-341a-41b6-bfc3-30d81e4c413f",
   "metadata": {},
   "outputs": [
    {
     "name": "stderr",
     "output_type": "stream",
     "text": [
      "/home/anant/.local/lib/python3.10/site-packages/sklearn/linear_model/_logistic.py:469: ConvergenceWarning: lbfgs failed to converge (status=1):\n",
      "STOP: TOTAL NO. of ITERATIONS REACHED LIMIT.\n",
      "\n",
      "Increase the number of iterations (max_iter) or scale the data as shown in:\n",
      "    https://scikit-learn.org/stable/modules/preprocessing.html\n",
      "Please also refer to the documentation for alternative solver options:\n",
      "    https://scikit-learn.org/stable/modules/linear_model.html#logistic-regression\n",
      "  n_iter_i = _check_optimize_result(\n",
      "/home/anant/.local/lib/python3.10/site-packages/sklearn/linear_model/_logistic.py:469: ConvergenceWarning: lbfgs failed to converge (status=1):\n",
      "STOP: TOTAL NO. of ITERATIONS REACHED LIMIT.\n",
      "\n",
      "Increase the number of iterations (max_iter) or scale the data as shown in:\n",
      "    https://scikit-learn.org/stable/modules/preprocessing.html\n",
      "Please also refer to the documentation for alternative solver options:\n",
      "    https://scikit-learn.org/stable/modules/linear_model.html#logistic-regression\n",
      "  n_iter_i = _check_optimize_result(\n",
      "/home/anant/.local/lib/python3.10/site-packages/sklearn/linear_model/_logistic.py:469: ConvergenceWarning: lbfgs failed to converge (status=1):\n",
      "STOP: TOTAL NO. of ITERATIONS REACHED LIMIT.\n",
      "\n",
      "Increase the number of iterations (max_iter) or scale the data as shown in:\n",
      "    https://scikit-learn.org/stable/modules/preprocessing.html\n",
      "Please also refer to the documentation for alternative solver options:\n",
      "    https://scikit-learn.org/stable/modules/linear_model.html#logistic-regression\n",
      "  n_iter_i = _check_optimize_result(\n",
      "/home/anant/.local/lib/python3.10/site-packages/sklearn/linear_model/_logistic.py:469: ConvergenceWarning: lbfgs failed to converge (status=1):\n",
      "STOP: TOTAL NO. of ITERATIONS REACHED LIMIT.\n",
      "\n",
      "Increase the number of iterations (max_iter) or scale the data as shown in:\n",
      "    https://scikit-learn.org/stable/modules/preprocessing.html\n",
      "Please also refer to the documentation for alternative solver options:\n",
      "    https://scikit-learn.org/stable/modules/linear_model.html#logistic-regression\n",
      "  n_iter_i = _check_optimize_result(\n",
      "/home/anant/.local/lib/python3.10/site-packages/sklearn/linear_model/_logistic.py:469: ConvergenceWarning: lbfgs failed to converge (status=1):\n",
      "STOP: TOTAL NO. of ITERATIONS REACHED LIMIT.\n",
      "\n",
      "Increase the number of iterations (max_iter) or scale the data as shown in:\n",
      "    https://scikit-learn.org/stable/modules/preprocessing.html\n",
      "Please also refer to the documentation for alternative solver options:\n",
      "    https://scikit-learn.org/stable/modules/linear_model.html#logistic-regression\n",
      "  n_iter_i = _check_optimize_result(\n",
      "/home/anant/.local/lib/python3.10/site-packages/sklearn/linear_model/_logistic.py:469: ConvergenceWarning: lbfgs failed to converge (status=1):\n",
      "STOP: TOTAL NO. of ITERATIONS REACHED LIMIT.\n",
      "\n",
      "Increase the number of iterations (max_iter) or scale the data as shown in:\n",
      "    https://scikit-learn.org/stable/modules/preprocessing.html\n",
      "Please also refer to the documentation for alternative solver options:\n",
      "    https://scikit-learn.org/stable/modules/linear_model.html#logistic-regression\n",
      "  n_iter_i = _check_optimize_result(\n"
     ]
    },
    {
     "name": "stdout",
     "output_type": "stream",
     "text": [
      "Learning rate set to 0.01539\n",
      "0:\tlearn: 0.6835668\ttotal: 52.9ms\tremaining: 52.8s\n",
      "1:\tlearn: 0.6734713\ttotal: 54.8ms\tremaining: 27.4s\n",
      "2:\tlearn: 0.6633426\ttotal: 56.8ms\tremaining: 18.9s\n",
      "3:\tlearn: 0.6531785\ttotal: 58.9ms\tremaining: 14.7s\n",
      "4:\tlearn: 0.6433350\ttotal: 61.1ms\tremaining: 12.1s\n",
      "5:\tlearn: 0.6343151\ttotal: 63.1ms\tremaining: 10.4s\n",
      "6:\tlearn: 0.6253277\ttotal: 65.2ms\tremaining: 9.25s\n",
      "7:\tlearn: 0.6167052\ttotal: 67.2ms\tremaining: 8.33s\n",
      "8:\tlearn: 0.6094279\ttotal: 68.9ms\tremaining: 7.59s\n",
      "9:\tlearn: 0.6015403\ttotal: 71ms\tremaining: 7.03s\n",
      "10:\tlearn: 0.5934815\ttotal: 73.1ms\tremaining: 6.57s\n",
      "11:\tlearn: 0.5854452\ttotal: 75.2ms\tremaining: 6.19s\n",
      "12:\tlearn: 0.5784471\ttotal: 77.3ms\tremaining: 5.87s\n",
      "13:\tlearn: 0.5714417\ttotal: 79.4ms\tremaining: 5.59s\n",
      "14:\tlearn: 0.5659134\ttotal: 81.4ms\tremaining: 5.34s\n",
      "15:\tlearn: 0.5591238\ttotal: 84.1ms\tremaining: 5.17s\n",
      "16:\tlearn: 0.5533902\ttotal: 86.7ms\tremaining: 5.01s\n",
      "17:\tlearn: 0.5474324\ttotal: 88.9ms\tremaining: 4.85s\n",
      "18:\tlearn: 0.5420232\ttotal: 91.1ms\tremaining: 4.71s\n",
      "19:\tlearn: 0.5363540\ttotal: 93.6ms\tremaining: 4.58s\n",
      "20:\tlearn: 0.5312057\ttotal: 95.8ms\tremaining: 4.46s\n",
      "21:\tlearn: 0.5257797\ttotal: 97.9ms\tremaining: 4.35s\n",
      "22:\tlearn: 0.5208567\ttotal: 99.9ms\tremaining: 4.25s\n",
      "23:\tlearn: 0.5160179\ttotal: 102ms\tremaining: 4.15s\n",
      "24:\tlearn: 0.5115083\ttotal: 104ms\tremaining: 4.05s\n",
      "25:\tlearn: 0.5073196\ttotal: 106ms\tremaining: 3.97s\n",
      "26:\tlearn: 0.5033953\ttotal: 108ms\tremaining: 3.9s\n",
      "27:\tlearn: 0.4990086\ttotal: 110ms\tremaining: 3.83s\n",
      "28:\tlearn: 0.4951897\ttotal: 112ms\tremaining: 3.76s\n",
      "29:\tlearn: 0.4909452\ttotal: 114ms\tremaining: 3.7s\n",
      "30:\tlearn: 0.4866444\ttotal: 117ms\tremaining: 3.65s\n",
      "31:\tlearn: 0.4827450\ttotal: 119ms\tremaining: 3.59s\n",
      "32:\tlearn: 0.4795737\ttotal: 121ms\tremaining: 3.54s\n",
      "33:\tlearn: 0.4760671\ttotal: 123ms\tremaining: 3.49s\n",
      "34:\tlearn: 0.4727597\ttotal: 125ms\tremaining: 3.45s\n",
      "35:\tlearn: 0.4695711\ttotal: 127ms\tremaining: 3.4s\n",
      "36:\tlearn: 0.4666398\ttotal: 129ms\tremaining: 3.37s\n",
      "37:\tlearn: 0.4634161\ttotal: 131ms\tremaining: 3.33s\n",
      "38:\tlearn: 0.4606343\ttotal: 133ms\tremaining: 3.29s\n",
      "39:\tlearn: 0.4581328\ttotal: 135ms\tremaining: 3.25s\n",
      "40:\tlearn: 0.4554500\ttotal: 138ms\tremaining: 3.22s\n",
      "41:\tlearn: 0.4526680\ttotal: 140ms\tremaining: 3.19s\n",
      "42:\tlearn: 0.4502838\ttotal: 141ms\tremaining: 3.15s\n",
      "43:\tlearn: 0.4477430\ttotal: 144ms\tremaining: 3.12s\n",
      "44:\tlearn: 0.4456048\ttotal: 146ms\tremaining: 3.09s\n",
      "45:\tlearn: 0.4431337\ttotal: 148ms\tremaining: 3.06s\n",
      "46:\tlearn: 0.4410325\ttotal: 150ms\tremaining: 3.04s\n",
      "47:\tlearn: 0.4384964\ttotal: 152ms\tremaining: 3.01s\n",
      "48:\tlearn: 0.4362123\ttotal: 154ms\tremaining: 2.99s\n",
      "49:\tlearn: 0.4345972\ttotal: 156ms\tremaining: 2.97s\n",
      "50:\tlearn: 0.4328317\ttotal: 158ms\tremaining: 2.94s\n",
      "51:\tlearn: 0.4311349\ttotal: 160ms\tremaining: 2.92s\n",
      "52:\tlearn: 0.4289629\ttotal: 162ms\tremaining: 2.9s\n",
      "53:\tlearn: 0.4274014\ttotal: 165ms\tremaining: 2.88s\n",
      "54:\tlearn: 0.4255482\ttotal: 167ms\tremaining: 2.87s\n",
      "55:\tlearn: 0.4240459\ttotal: 169ms\tremaining: 2.85s\n",
      "56:\tlearn: 0.4220511\ttotal: 171ms\tremaining: 2.83s\n",
      "57:\tlearn: 0.4202682\ttotal: 173ms\tremaining: 2.81s\n",
      "58:\tlearn: 0.4182640\ttotal: 175ms\tremaining: 2.8s\n",
      "59:\tlearn: 0.4169771\ttotal: 178ms\tremaining: 2.78s\n",
      "60:\tlearn: 0.4153073\ttotal: 180ms\tremaining: 2.77s\n",
      "61:\tlearn: 0.4135948\ttotal: 182ms\tremaining: 2.75s\n",
      "62:\tlearn: 0.4120170\ttotal: 184ms\tremaining: 2.73s\n",
      "63:\tlearn: 0.4103497\ttotal: 186ms\tremaining: 2.72s\n",
      "64:\tlearn: 0.4091772\ttotal: 188ms\tremaining: 2.71s\n",
      "65:\tlearn: 0.4080235\ttotal: 190ms\tremaining: 2.69s\n",
      "66:\tlearn: 0.4069195\ttotal: 193ms\tremaining: 2.69s\n",
      "67:\tlearn: 0.4056588\ttotal: 196ms\tremaining: 2.68s\n",
      "68:\tlearn: 0.4045485\ttotal: 198ms\tremaining: 2.67s\n",
      "69:\tlearn: 0.4036374\ttotal: 200ms\tremaining: 2.66s\n",
      "70:\tlearn: 0.4022909\ttotal: 202ms\tremaining: 2.65s\n",
      "71:\tlearn: 0.4011436\ttotal: 205ms\tremaining: 2.64s\n",
      "72:\tlearn: 0.4000239\ttotal: 207ms\tremaining: 2.63s\n",
      "73:\tlearn: 0.3986860\ttotal: 209ms\tremaining: 2.62s\n",
      "74:\tlearn: 0.3977115\ttotal: 211ms\tremaining: 2.6s\n",
      "75:\tlearn: 0.3967844\ttotal: 213ms\tremaining: 2.59s\n",
      "76:\tlearn: 0.3956311\ttotal: 216ms\tremaining: 2.58s\n",
      "77:\tlearn: 0.3946474\ttotal: 218ms\tremaining: 2.57s\n",
      "78:\tlearn: 0.3938154\ttotal: 220ms\tremaining: 2.56s\n",
      "79:\tlearn: 0.3929542\ttotal: 222ms\tremaining: 2.55s\n",
      "80:\tlearn: 0.3920485\ttotal: 224ms\tremaining: 2.54s\n",
