{
 "cells": [
  {
   "cell_type": "code",
   "execution_count": 1,
   "id": "31d0b847-b42d-452b-b18c-2cbe28a79a90",
   "metadata": {},
   "outputs": [],
   "source": [
    "import numpy as np\n",
    "import pandas as pd\n",
    "import matplotlib.pyplot as plt\n",
    "import seaborn as sns"
   ]
  },
  {
   "cell_type": "code",
   "execution_count": 2,
   "id": "715cc380-92db-4b85-b225-5c4bee5fca8d",
   "metadata": {},
   "outputs": [],
   "source": [
    "df=pd.read_csv('Zoo.csv')"
   ]
  },
  {
   "cell_type": "code",
   "execution_count": 3,
   "id": "7ed7bb34-2cd0-47ce-958b-c5f1580c3794",
   "metadata": {},
   "outputs": [
    {
     "name": "stdout",
     "output_type": "stream",
     "text": [
      "<class 'pandas.core.frame.DataFrame'>\n",
      "RangeIndex: 101 entries, 0 to 100\n",
      "Data columns (total 17 columns):\n",
      " #   Column    Non-Null Count  Dtype\n",
      "---  ------    --------------  -----\n",
      " 0   hair      101 non-null    int64\n",
      " 1   feathers  101 non-null    int64\n",
      " 2   eggs      101 non-null    int64\n",
      " 3   milk      101 non-null    int64\n",
      " 4   airborne  101 non-null    int64\n",
      " 5   aquatic   101 non-null    int64\n",
      " 6   predator  101 non-null    int64\n",
      " 7   toothed   101 non-null    int64\n",
      " 8   backbone  101 non-null    int64\n",
      " 9   breathes  101 non-null    int64\n",
      " 10  venomous  101 non-null    int64\n",
      " 11  fins      101 non-null    int64\n",
      " 12  legs      101 non-null    int64\n",
      " 13  tail      101 non-null    int64\n",
      " 14  domestic  101 non-null    int64\n",
      " 15  catsize   101 non-null    int64\n",
      " 16  type      101 non-null    int64\n",
      "dtypes: int64(17)\n",
      "memory usage: 13.5 KB\n"
     ]
    }
   ],
   "source": [
    "df.info()"
   ]
  },
  {
   "cell_type": "code",
   "execution_count": 4,
   "id": "622103f2-0e24-481d-9ec2-580bc96f850e",
   "metadata": {},
   "outputs": [
    {
     "data": {
      "text/plain": [
       "hair        0\n",
       "feathers    0\n",
       "eggs        0\n",
       "milk        0\n",
       "airborne    0\n",
       "aquatic     0\n",
       "predator    0\n",
       "toothed     0\n",
       "backbone    0\n",
       "breathes    0\n",
       "venomous    0\n",
       "fins        0\n",
       "legs        0\n",
       "tail        0\n",
       "domestic    0\n",
       "catsize     0\n",
       "type        0\n",
       "dtype: int64"
      ]
     },
     "execution_count": 4,
     "metadata": {},
     "output_type": "execute_result"
    }
   ],
   "source": [
    "df.isna().sum()"
   ]
  },
  {
   "cell_type": "code",
   "execution_count": 5,
   "id": "0395d203-c140-4931-a93f-63237e0f16a2",
   "metadata": {},
   "outputs": [
    {
     "data": {
      "text/plain": [
       "(101, 17)"
      ]
     },
     "execution_count": 5,
     "metadata": {},
     "output_type": "execute_result"
    }
   ],
   "source": [
    "df.shape"
   ]
  },
  {
   "cell_type": "code",
   "execution_count": 6,
   "id": "a62f5993-0bc7-4357-ae1f-ab14ea4e3b10",
   "metadata": {},
   "outputs": [
    {
     "data": {
      "text/html": [
       "<div>\n",
       "<style scoped>\n",
       "    .dataframe tbody tr th:only-of-type {\n",
       "        vertical-align: middle;\n",
       "    }\n",
       "\n",
       "    .dataframe tbody tr th {\n",
       "        vertical-align: top;\n",
       "    }\n",
       "\n",
       "    .dataframe thead th {\n",
       "        text-align: right;\n",
       "    }\n",
       "</style>\n",
       "<table border=\"1\" class=\"dataframe\">\n",
       "  <thead>\n",
       "    <tr style=\"text-align: right;\">\n",
       "      <th></th>\n",
       "      <th>hair</th>\n",
       "      <th>feathers</th>\n",
       "      <th>eggs</th>\n",
       "      <th>milk</th>\n",
       "      <th>airborne</th>\n",
       "      <th>aquatic</th>\n",
       "      <th>predator</th>\n",
       "      <th>toothed</th>\n",
       "      <th>backbone</th>\n",
       "      <th>breathes</th>\n",
       "      <th>venomous</th>\n",
       "      <th>fins</th>\n",
       "      <th>legs</th>\n",
       "      <th>tail</th>\n",
       "      <th>domestic</th>\n",
       "      <th>catsize</th>\n",
       "      <th>type</th>\n",
       "    </tr>\n",
       "  </thead>\n",
       "  <tbody>\n",
       "    <tr>\n",
       "      <th>0</th>\n",
       "      <td>1</td>\n",
       "      <td>0</td>\n",
       "      <td>0</td>\n",
       "      <td>1</td>\n",
       "      <td>0</td>\n",
       "      <td>0</td>\n",
       "      <td>1</td>\n",
       "      <td>1</td>\n",
       "      <td>1</td>\n",
       "      <td>1</td>\n",
       "      <td>0</td>\n",
       "      <td>0</td>\n",
       "      <td>4</td>\n",
       "      <td>0</td>\n",
       "      <td>0</td>\n",
       "      <td>1</td>\n",
       "      <td>1</td>\n",
       "    </tr>\n",
       "    <tr>\n",
       "      <th>1</th>\n",
       "      <td>1</td>\n",
       "      <td>0</td>\n",
       "      <td>0</td>\n",
       "      <td>1</td>\n",
       "      <td>0</td>\n",
       "      <td>0</td>\n",
       "      <td>0</td>\n",
       "      <td>1</td>\n",
       "      <td>1</td>\n",
       "      <td>1</td>\n",
       "      <td>0</td>\n",
       "      <td>0</td>\n",
       "      <td>4</td>\n",
       "      <td>1</td>\n",
       "      <td>0</td>\n",
       "      <td>1</td>\n",
       "      <td>1</td>\n",
       "    </tr>\n",
       "    <tr>\n",
       "      <th>2</th>\n",
       "      <td>0</td>\n",
       "      <td>0</td>\n",
       "      <td>1</td>\n",
       "      <td>0</td>\n",
       "      <td>0</td>\n",
       "      <td>1</td>\n",
       "      <td>1</td>\n",
       "      <td>1</td>\n",
       "      <td>1</td>\n",
       "      <td>0</td>\n",
       "      <td>0</td>\n",
       "      <td>1</td>\n",
       "      <td>0</td>\n",
       "      <td>1</td>\n",
       "      <td>0</td>\n",
       "      <td>0</td>\n",
       "      <td>4</td>\n",
       "    </tr>\n",
       "    <tr>\n",
       "      <th>3</th>\n",
       "      <td>1</td>\n",
       "      <td>0</td>\n",
       "      <td>0</td>\n",
       "      <td>1</td>\n",
       "      <td>0</td>\n",
       "      <td>0</td>\n",
       "      <td>1</td>\n",
       "      <td>1</td>\n",
       "      <td>1</td>\n",
       "      <td>1</td>\n",
       "      <td>0</td>\n",
       "      <td>0</td>\n",
       "      <td>4</td>\n",
       "      <td>0</td>\n",
       "      <td>0</td>\n",
       "      <td>1</td>\n",
       "      <td>1</td>\n",
       "    </tr>\n",
       "    <tr>\n",
       "      <th>4</th>\n",
       "      <td>1</td>\n",
       "      <td>0</td>\n",
       "      <td>0</td>\n",
       "      <td>1</td>\n",
       "      <td>0</td>\n",
       "      <td>0</td>\n",
       "      <td>1</td>\n",
       "      <td>1</td>\n",
       "      <td>1</td>\n",
       "      <td>1</td>\n",
       "      <td>0</td>\n",
       "      <td>0</td>\n",
       "      <td>4</td>\n",
       "      <td>1</td>\n",
       "      <td>0</td>\n",
       "      <td>1</td>\n",
       "      <td>1</td>\n",
       "    </tr>\n",
       "  </tbody>\n",
       "</table>\n",
       "</div>"
      ],
      "text/plain": [
       "   hair  feathers  eggs  milk  airborne  aquatic  predator  toothed  backbone  \\\n",
       "0     1         0     0     1         0        0         1        1         1   \n",
       "1     1         0     0     1         0        0         0        1         1   \n",
       "2     0         0     1     0         0        1         1        1         1   \n",
       "3     1         0     0     1         0        0         1        1         1   \n",
       "4     1         0     0     1         0        0         1        1         1   \n",
       "\n",
       "   breathes  venomous  fins  legs  tail  domestic  catsize  type  \n",
       "0         1         0     0     4     0         0        1     1  \n",
       "1         1         0     0     4     1         0        1     1  \n",
       "2         0         0     1     0     1         0        0     4  \n",
       "3         1         0     0     4     0         0        1     1  \n",
       "4         1         0     0     4     1         0        1     1  "
      ]
     },
     "execution_count": 6,
     "metadata": {},
     "output_type": "execute_result"
    }
   ],
   "source": [
    "df.head()"
   ]
  },
  {
   "cell_type": "code",
   "execution_count": 7,
   "id": "5b8c37d1-ac2b-4bcb-8744-37534b105aa8",
   "metadata": {},
   "outputs": [],
   "source": [
    "from sklearn.preprocessing import LabelEncoder\n",
    "model = LabelEncoder()\n",
    "df['type'] = model.fit_transform(df['type'])"
   ]
  },
  {
   "cell_type": "code",
   "execution_count": 8,
   "id": "de179ca5-0ccd-4828-b068-b5ab503287b0",
   "metadata": {},
   "outputs": [
    {
     "data": {
      "text/html": [
       "<div>\n",
       "<style scoped>\n",
       "    .dataframe tbody tr th:only-of-type {\n",
       "        vertical-align: middle;\n",
       "    }\n",
       "\n",
       "    .dataframe tbody tr th {\n",
       "        vertical-align: top;\n",
       "    }\n",
       "\n",
       "    .dataframe thead th {\n",
       "        text-align: right;\n",
       "    }\n",
       "</style>\n",
       "<table border=\"1\" class=\"dataframe\">\n",
       "  <thead>\n",
       "    <tr style=\"text-align: right;\">\n",
       "      <th></th>\n",
       "      <th>hair</th>\n",
       "      <th>feathers</th>\n",
       "      <th>eggs</th>\n",
       "      <th>milk</th>\n",
       "      <th>airborne</th>\n",
       "      <th>aquatic</th>\n",
       "      <th>predator</th>\n",
       "      <th>toothed</th>\n",
       "      <th>backbone</th>\n",
       "      <th>breathes</th>\n",
       "      <th>venomous</th>\n",
       "      <th>fins</th>\n",
       "      <th>legs</th>\n",
       "      <th>tail</th>\n",
       "      <th>domestic</th>\n",
       "      <th>catsize</th>\n",
       "      <th>type</th>\n",
       "    </tr>\n",
       "  </thead>\n",
       "  <tbody>\n",
       "    <tr>\n",
       "      <th>hair</th>\n",
       "      <td>1.000000</td>\n",
       "      <td>-0.427851</td>\n",
       "      <td>-0.817382</td>\n",
       "      <td>0.878503</td>\n",
       "      <td>-0.198431</td>\n",
       "      <td>-0.473554</td>\n",
       "      <td>-0.154769</td>\n",
       "      <td>0.492531</td>\n",
       "      <td>0.191681</td>\n",
       "      <td>0.441149</td>\n",
       "      <td>-0.104245</td>\n",
       "      <td>-0.280313</td>\n",
       "      <td>0.394009</td>\n",
       "      <td>0.048973</td>\n",
       "      <td>0.207208</td>\n",
       "      <td>0.455020</td>\n",
       "      <td>-0.562384</td>\n",
       "    </tr>\n",
       "    <tr>\n",
       "      <th>feathers</th>\n",
       "      <td>-0.427851</td>\n",
       "      <td>1.000000</td>\n",
       "      <td>0.419248</td>\n",
       "      <td>-0.410761</td>\n",
       "      <td>0.656553</td>\n",
       "      <td>-0.058552</td>\n",
       "      <td>-0.104430</td>\n",
       "      <td>-0.613631</td>\n",
       "      <td>0.231403</td>\n",
       "      <td>0.254588</td>\n",
       "      <td>-0.145739</td>\n",
       "      <td>-0.223541</td>\n",
       "      <td>-0.206686</td>\n",
       "      <td>0.292569</td>\n",
       "      <td>0.031586</td>\n",
       "      <td>-0.135934</td>\n",
       "      <td>-0.197520</td>\n",
       "    </tr>\n",
       "    <tr>\n",
       "      <th>eggs</th>\n",
       "      <td>-0.817382</td>\n",
       "      <td>0.419248</td>\n",
       "      <td>1.000000</td>\n",
       "      <td>-0.938848</td>\n",
       "      <td>0.376646</td>\n",
       "      <td>0.376244</td>\n",
       "      <td>0.011605</td>\n",
       "      <td>-0.642150</td>\n",
       "      <td>-0.340420</td>\n",
       "      <td>-0.382777</td>\n",
       "      <td>0.098689</td>\n",
       "      <td>0.164796</td>\n",
       "      <td>-0.224918</td>\n",
       "      <td>-0.221090</td>\n",
       "      <td>-0.155610</td>\n",
       "      <td>-0.514650</td>\n",
       "      <td>0.661825</td>\n",
       "    </tr>\n",
       "    <tr>\n",
       "      <th>milk</th>\n",
       "      <td>0.878503</td>\n",
       "      <td>-0.410761</td>\n",
       "      <td>-0.938848</td>\n",
       "      <td>1.000000</td>\n",
       "      <td>-0.366765</td>\n",
       "      <td>-0.362613</td>\n",
       "      <td>-0.029721</td>\n",
       "      <td>0.628168</td>\n",
       "      <td>0.384958</td>\n",
       "      <td>0.423527</td>\n",
       "      <td>-0.242449</td>\n",
       "      <td>-0.156328</td>\n",
       "      <td>0.214196</td>\n",
       "      <td>0.210026</td>\n",
       "      <td>0.163928</td>\n",
       "      <td>0.574906</td>\n",
       "      <td>-0.723683</td>\n",
       "    </tr>\n",
       "    <tr>\n",
       "      <th>airborne</th>\n",
       "      <td>-0.198431</td>\n",
       "      <td>0.656553</td>\n",
       "      <td>0.376646</td>\n",
       "      <td>-0.366765</td>\n",
       "      <td>1.000000</td>\n",
       "      <td>-0.172638</td>\n",
       "      <td>-0.295181</td>\n",
       "      <td>-0.594311</td>\n",
       "      <td>-0.104718</td>\n",
       "      <td>0.286039</td>\n",
       "      <td>0.008528</td>\n",
       "      <td>-0.251157</td>\n",
       "      <td>0.043712</td>\n",
       "      <td>0.009482</td>\n",
       "      <td>0.063274</td>\n",
       "      <td>-0.349768</td>\n",
       "      <td>0.022677</td>\n",
       "    </tr>\n",
       "    <tr>\n",
       "      <th>aquatic</th>\n",
       "      <td>-0.473554</td>\n",
       "      <td>-0.058552</td>\n",
       "      <td>0.376244</td>\n",
       "      <td>-0.362613</td>\n",
       "      <td>-0.172638</td>\n",
       "      <td>1.000000</td>\n",
       "      <td>0.375978</td>\n",
       "      <td>0.053150</td>\n",
       "      <td>0.022463</td>\n",
       "      <td>-0.637506</td>\n",
       "      <td>0.087915</td>\n",
       "      <td>0.604492</td>\n",
       "      <td>-0.360638</td>\n",
       "      <td>-0.034642</td>\n",
       "      <td>-0.224308</td>\n",
       "      <td>-0.111866</td>\n",
       "      <td>0.326639</td>\n",
       "    </tr>\n",
       "    <tr>\n",
       "      <th>predator</th>\n",
       "      <td>-0.154769</td>\n",
       "      <td>-0.104430</td>\n",
       "      <td>0.011605</td>\n",
       "      <td>-0.029721</td>\n",
       "      <td>-0.295181</td>\n",
       "      <td>0.375978</td>\n",
       "      <td>1.000000</td>\n",
       "      <td>0.129452</td>\n",
       "      <td>0.051022</td>\n",
       "      <td>-0.262931</td>\n",
       "      <td>0.115391</td>\n",
       "      <td>0.190302</td>\n",
       "      <td>-0.099723</td>\n",
       "      <td>0.018947</td>\n",
       "      <td>-0.309794</td>\n",
       "      <td>0.144790</td>\n",
       "      <td>0.061179</td>\n",
       "    </tr>\n",
       "    <tr>\n",
       "      <th>toothed</th>\n",
       "      <td>0.492531</td>\n",
       "      <td>-0.613631</td>\n",
       "      <td>-0.642150</td>\n",
       "      <td>0.628168</td>\n",
       "      <td>-0.594311</td>\n",
       "      <td>0.053150</td>\n",
       "      <td>0.129452</td>\n",
       "      <td>1.000000</td>\n",
       "      <td>0.575085</td>\n",
       "      <td>-0.065690</td>\n",
       "      <td>-0.062344</td>\n",
       "      <td>0.364292</td>\n",
       "      <td>-0.193476</td>\n",
       "      <td>0.310368</td>\n",
       "      <td>0.069430</td>\n",
       "      <td>0.344010</td>\n",
       "      <td>-0.471527</td>\n",
       "    </tr>\n",
       "    <tr>\n",
       "      <th>backbone</th>\n",
       "      <td>0.191681</td>\n",
       "      <td>0.231403</td>\n",
       "      <td>-0.340420</td>\n",
       "      <td>0.384958</td>\n",
       "      <td>-0.104718</td>\n",
       "      <td>0.022463</td>\n",
       "      <td>0.051022</td>\n",
       "      <td>0.575085</td>\n",
       "      <td>1.000000</td>\n",
       "      <td>0.207666</td>\n",
       "      <td>-0.246611</td>\n",
       "      <td>0.209499</td>\n",
       "      <td>-0.432856</td>\n",
       "      <td>0.731762</td>\n",
       "      <td>0.101733</td>\n",
       "      <td>0.356976</td>\n",
       "      <td>-0.828845</td>\n",
       "    </tr>\n",
       "    <tr>\n",
       "      <th>breathes</th>\n",
       "      <td>0.441149</td>\n",
       "      <td>0.254588</td>\n",
       "      <td>-0.382777</td>\n",
       "      <td>0.423527</td>\n",
       "      <td>0.286039</td>\n",
       "      <td>-0.637506</td>\n",
       "      <td>-0.262931</td>\n",
       "      <td>-0.065690</td>\n",
       "      <td>0.207666</td>\n",
       "      <td>1.000000</td>\n",
       "      <td>-0.120752</td>\n",
       "      <td>-0.617219</td>\n",
       "      <td>0.369868</td>\n",
       "      <td>0.088952</td>\n",
       "      <td>0.124068</td>\n",
       "      <td>0.204125</td>\n",
       "      <td>-0.519308</td>\n",
       "    </tr>\n",
       "    <tr>\n",
       "      <th>venomous</th>\n",
       "      <td>-0.104245</td>\n",
       "      <td>-0.145739</td>\n",
       "      <td>0.098689</td>\n",
       "      <td>-0.242449</td>\n",
       "      <td>0.008528</td>\n",
       "      <td>0.087915</td>\n",
       "      <td>0.115391</td>\n",
       "      <td>-0.062344</td>\n",
       "      <td>-0.246611</td>\n",
       "      <td>-0.120752</td>\n",
       "      <td>1.000000</td>\n",
       "      <td>-0.033956</td>\n",
       "      <td>0.022964</td>\n",
       "      <td>-0.162724</td>\n",
       "      <td>-0.003252</td>\n",
       "      <td>-0.183748</td>\n",
       "      <td>0.321476</td>\n",
       "    </tr>\n",
       "    <tr>\n",
       "      <th>fins</th>\n",
       "      <td>-0.280313</td>\n",
       "      <td>-0.223541</td>\n",
       "      <td>0.164796</td>\n",
       "      <td>-0.156328</td>\n",
       "      <td>-0.251157</td>\n",
       "      <td>0.604492</td>\n",
       "      <td>0.190302</td>\n",
       "      <td>0.364292</td>\n",
       "      <td>0.209499</td>\n",
       "      <td>-0.617219</td>\n",
       "      <td>-0.033956</td>\n",
       "      <td>1.000000</td>\n",
       "      <td>-0.605652</td>\n",
       "      <td>0.204349</td>\n",
       "      <td>-0.093887</td>\n",
       "      <td>0.031705</td>\n",
       "      <td>0.099430</td>\n",
       "    </tr>\n",
       "    <tr>\n",
       "      <th>legs</th>\n",
       "      <td>0.394009</td>\n",
       "      <td>-0.206686</td>\n",
       "      <td>-0.224918</td>\n",
       "      <td>0.214196</td>\n",
       "      <td>0.043712</td>\n",
       "      <td>-0.360638</td>\n",
       "      <td>-0.099723</td>\n",
       "      <td>-0.193476</td>\n",
       "      <td>-0.432856</td>\n",
       "      <td>0.369868</td>\n",
       "      <td>0.022964</td>\n",
       "      <td>-0.605652</td>\n",
       "      <td>1.000000</td>\n",
       "      <td>-0.348295</td>\n",
       "      <td>0.073931</td>\n",
       "      <td>0.068791</td>\n",
       "      <td>0.131693</td>\n",
       "    </tr>\n",
       "    <tr>\n",
       "      <th>tail</th>\n",
       "      <td>0.048973</td>\n",
       "      <td>0.292569</td>\n",
       "      <td>-0.221090</td>\n",
       "      <td>0.210026</td>\n",
       "      <td>0.009482</td>\n",
       "      <td>-0.034642</td>\n",
       "      <td>0.018947</td>\n",
       "      <td>0.310368</td>\n",
       "      <td>0.731762</td>\n",
       "      <td>0.088952</td>\n",
       "      <td>-0.162724</td>\n",
       "      <td>0.204349</td>\n",
       "      <td>-0.348295</td>\n",
       "      <td>1.000000</td>\n",
       "      <td>0.023434</td>\n",
       "      <td>0.243277</td>\n",
       "      <td>-0.631830</td>\n",
       "    </tr>\n",
       "    <tr>\n",
       "      <th>domestic</th>\n",
       "      <td>0.207208</td>\n",
       "      <td>0.031586</td>\n",
       "      <td>-0.155610</td>\n",
       "      <td>0.163928</td>\n",
       "      <td>0.063274</td>\n",
       "      <td>-0.224308</td>\n",
       "      <td>-0.309794</td>\n",
       "      <td>0.069430</td>\n",
       "      <td>0.101733</td>\n",
       "      <td>0.124068</td>\n",
       "      <td>-0.003252</td>\n",
       "      <td>-0.093887</td>\n",
       "      <td>0.073931</td>\n",
       "      <td>0.023434</td>\n",
       "      <td>1.000000</td>\n",
       "      <td>0.020073</td>\n",
       "      <td>-0.181043</td>\n",
       "    </tr>\n",
       "    <tr>\n",
       "      <th>catsize</th>\n",
       "      <td>0.455020</td>\n",
       "      <td>-0.135934</td>\n",
       "      <td>-0.514650</td>\n",
       "      <td>0.574906</td>\n",
       "      <td>-0.349768</td>\n",
       "      <td>-0.111866</td>\n",
       "      <td>0.144790</td>\n",
       "      <td>0.344010</td>\n",
       "      <td>0.356976</td>\n",
       "      <td>0.204125</td>\n",
       "      <td>-0.183748</td>\n",
       "      <td>0.031705</td>\n",
       "      <td>0.068791</td>\n",
       "      <td>0.243277</td>\n",
       "      <td>0.020073</td>\n",
       "      <td>1.000000</td>\n",
       "      <td>-0.521030</td>\n",
       "    </tr>\n",
       "    <tr>\n",
       "      <th>type</th>\n",
       "      <td>-0.562384</td>\n",
       "      <td>-0.197520</td>\n",
       "      <td>0.661825</td>\n",
       "      <td>-0.723683</td>\n",
       "      <td>0.022677</td>\n",
       "      <td>0.326639</td>\n",
       "      <td>0.061179</td>\n",
       "      <td>-0.471527</td>\n",
       "      <td>-0.828845</td>\n",
       "      <td>-0.519308</td>\n",
       "      <td>0.321476</td>\n",
       "      <td>0.099430</td>\n",
       "      <td>0.131693</td>\n",
       "      <td>-0.631830</td>\n",
       "      <td>-0.181043</td>\n",
       "      <td>-0.521030</td>\n",
       "      <td>1.000000</td>\n",
       "    </tr>\n",
       "  </tbody>\n",
       "</table>\n",
       "</div>"
      ],
      "text/plain": [
       "              hair  feathers      eggs      milk  airborne   aquatic  \\\n",
       "hair      1.000000 -0.427851 -0.817382  0.878503 -0.198431 -0.473554   \n",
       "feathers -0.427851  1.000000  0.419248 -0.410761  0.656553 -0.058552   \n",
       "eggs     -0.817382  0.419248  1.000000 -0.938848  0.376646  0.376244   \n",
       "milk      0.878503 -0.410761 -0.938848  1.000000 -0.366765 -0.362613   \n",
       "airborne -0.198431  0.656553  0.376646 -0.366765  1.000000 -0.172638   \n",
       "aquatic  -0.473554 -0.058552  0.376244 -0.362613 -0.172638  1.000000   \n",
       "predator -0.154769 -0.104430  0.011605 -0.029721 -0.295181  0.375978   \n",
       "toothed   0.492531 -0.613631 -0.642150  0.628168 -0.594311  0.053150   \n",
       "backbone  0.191681  0.231403 -0.340420  0.384958 -0.104718  0.022463   \n",
       "breathes  0.441149  0.254588 -0.382777  0.423527  0.286039 -0.637506   \n",
       "venomous -0.104245 -0.145739  0.098689 -0.242449  0.008528  0.087915   \n",
       "fins     -0.280313 -0.223541  0.164796 -0.156328 -0.251157  0.604492   \n",
       "legs      0.394009 -0.206686 -0.224918  0.214196  0.043712 -0.360638   \n",
       "tail      0.048973  0.292569 -0.221090  0.210026  0.009482 -0.034642   \n",
       "domestic  0.207208  0.031586 -0.155610  0.163928  0.063274 -0.224308   \n",
       "catsize   0.455020 -0.135934 -0.514650  0.574906 -0.349768 -0.111866   \n",
       "type     -0.562384 -0.197520  0.661825 -0.723683  0.022677  0.326639   \n",
       "\n",
       "          predator   toothed  backbone  breathes  venomous      fins  \\\n",
       "hair     -0.154769  0.492531  0.191681  0.441149 -0.104245 -0.280313   \n",
       "feathers -0.104430 -0.613631  0.231403  0.254588 -0.145739 -0.223541   \n",
       "eggs      0.011605 -0.642150 -0.340420 -0.382777  0.098689  0.164796   \n",
       "milk     -0.029721  0.628168  0.384958  0.423527 -0.242449 -0.156328   \n",
       "airborne -0.295181 -0.594311 -0.104718  0.286039  0.008528 -0.251157   \n",
       "aquatic   0.375978  0.053150  0.022463 -0.637506  0.087915  0.604492   \n",
       "predator  1.000000  0.129452  0.051022 -0.262931  0.115391  0.190302   \n",
       "toothed   0.129452  1.000000  0.575085 -0.065690 -0.062344  0.364292   \n",
       "backbone  0.051022  0.575085  1.000000  0.207666 -0.246611  0.209499   \n",
       "breathes -0.262931 -0.065690  0.207666  1.000000 -0.120752 -0.617219   \n",
       "venomous  0.115391 -0.062344 -0.246611 -0.120752  1.000000 -0.033956   \n",
       "fins      0.190302  0.364292  0.209499 -0.617219 -0.033956  1.000000   \n",
       "legs     -0.099723 -0.193476 -0.432856  0.369868  0.022964 -0.605652   \n",
       "tail      0.018947  0.310368  0.731762  0.088952 -0.162724  0.204349   \n",
       "domestic -0.309794  0.069430  0.101733  0.124068 -0.003252 -0.093887   \n",
       "catsize   0.144790  0.344010  0.356976  0.204125 -0.183748  0.031705   \n",
       "type      0.061179 -0.471527 -0.828845 -0.519308  0.321476  0.099430   \n",
       "\n",
       "              legs      tail  domestic   catsize      type  \n",
       "hair      0.394009  0.048973  0.207208  0.455020 -0.562384  \n",
       "feathers -0.206686  0.292569  0.031586 -0.135934 -0.197520  \n",
       "eggs     -0.224918 -0.221090 -0.155610 -0.514650  0.661825  \n",
       "milk      0.214196  0.210026  0.163928  0.574906 -0.723683  \n",
       "airborne  0.043712  0.009482  0.063274 -0.349768  0.022677  \n",
       "aquatic  -0.360638 -0.034642 -0.224308 -0.111866  0.326639  \n",
       "predator -0.099723  0.018947 -0.309794  0.144790  0.061179  \n",
       "toothed  -0.193476  0.310368  0.069430  0.344010 -0.471527  \n",
       "backbone -0.432856  0.731762  0.101733  0.356976 -0.828845  \n",
       "breathes  0.369868  0.088952  0.124068  0.204125 -0.519308  \n",
       "venomous  0.022964 -0.162724 -0.003252 -0.183748  0.321476  \n",
       "fins     -0.605652  0.204349 -0.093887  0.031705  0.099430  \n",
       "legs      1.000000 -0.348295  0.073931  0.068791  0.131693  \n",
       "tail     -0.348295  1.000000  0.023434  0.243277 -0.631830  \n",
       "domestic  0.073931  0.023434  1.000000  0.020073 -0.181043  \n",
       "catsize   0.068791  0.243277  0.020073  1.000000 -0.521030  \n",
       "type      0.131693 -0.631830 -0.181043 -0.521030  1.000000  "
      ]
     },
     "execution_count": 8,
     "metadata": {},
     "output_type": "execute_result"
    }
   ],
   "source": [
    "df.corr()"
   ]
  },
  {
   "cell_type": "code",
   "execution_count": 9,
   "id": "9104eada-721f-4c56-a543-3de57acca625",
   "metadata": {},
   "outputs": [],
   "source": [
    "y=df['type']\n",
    "x=df.drop(['airborne','type','predator','fins'],axis=1)"
   ]
  },
  {
   "cell_type": "code",
   "execution_count": 10,
   "id": "7d5e51c1-d71d-447d-981c-06b660347a39",
   "metadata": {},
   "outputs": [],
   "source": [
    "from sklearn.model_selection import train_test_split\n",
    "\n",
    "x_train,x_test,y_train,y_test=train_test_split(x,y,train_size=0.7,random_state=123456)"
   ]
  },
  {
   "cell_type": "code",
   "execution_count": 11,
   "id": "6bda89c5-2911-401b-b6b7-531eee7b8f6e",
   "metadata": {},
   "outputs": [],
   "source": [
    "def train_model_lg():\n",
    "    from sklearn.linear_model import LogisticRegressionCV\n",
    "    model=LogisticRegressionCV()\n",
    "    model.fit(x_train,y_train)\n",
    "    return model"
   ]
  },
  {
   "cell_type": "code",
   "execution_count": 12,
   "id": "e7bc5811-833f-4140-a2ee-d4fb8bd6582c",
   "metadata": {},
   "outputs": [],
   "source": [
    "def train_model_KNN():\n",
    "    from sklearn.neighbors import KNeighborsClassifier\n",
    "    model=KNeighborsClassifier()\n",
    "    model.fit(x_train,y_train)\n",
    "    return model"
   ]
  },
  {
   "cell_type": "code",
   "execution_count": 13,
   "id": "21ecd551-1fec-45c8-8c1e-341c2fb819cf",
   "metadata": {},
   "outputs": [],
   "source": [
    "def train_model_svm():\n",
    "    from sklearn.svm import SVC\n",
    "    model=SVC()\n",
    "    model.fit(x_train,y_train)\n",
    "    return model"
   ]
  },
  {
   "cell_type": "code",
   "execution_count": 14,
   "id": "e24ed9d9-7bfe-4b5e-8bb0-fe447556542e",
   "metadata": {},
   "outputs": [],
   "source": [
    "def train_model_nb():\n",
    "    from sklearn.naive_bayes import GaussianNB\n",
    "    model=GaussianNB()\n",
    "    model.fit(x_train,y_train)\n",
    "    return model"
   ]
  },
  {
   "cell_type": "code",
   "execution_count": 15,
   "id": "5ceefdb0-1cd8-48ab-9645-4276fc3e06ea",
   "metadata": {},
   "outputs": [],
   "source": [
    "def train_model_rf():\n",
    "    from sklearn.ensemble import RandomForestClassifier\n",
    "    model=RandomForestClassifier()\n",
    "    model.fit(x_train,y_train)\n",
    "    return model"
   ]
  },
  {
   "cell_type": "code",
   "execution_count": 16,
   "id": "539c5862-b238-4905-a60f-27a778e1725a",
   "metadata": {},
   "outputs": [],
   "source": [
    "def train_model_dt():\n",
    "    from sklearn.tree import DecisionTreeClassifier\n",
    "    model=DecisionTreeClassifier()\n",
    "    model.fit(x_train,y_train)\n",
    "    return model"
   ]
  },
  {
   "cell_type": "code",
   "execution_count": 17,
   "id": "1958b0f0-2481-4602-b213-ee2d151a95f2",
   "metadata": {},
   "outputs": [],
   "source": [
    "def train_model_catboost():\n",
    "    from catboost import CatBoostClassifier\n",
    "    model = CatBoostClassifier()\n",
    "    result = model.fit(x_train,y_train)\n",
    "    return model"
   ]
  },
  {
   "cell_type": "code",
   "execution_count": 18,
   "id": "f0530d52-7dd0-487a-a698-be9f4a05e448",
   "metadata": {},
   "outputs": [],
   "source": [
    "def train_model_adaboot():\n",
    "    from sklearn.ensemble import AdaBoostClassifier\n",
    "    model = AdaBoostClassifier()\n",
    "    result = model.fit(x_train,y_train)\n",
    "    return model"
   ]
  },
  {
   "cell_type": "code",
   "execution_count": 19,
   "id": "670fef89-67a8-45f6-8e56-612673f50d7b",
   "metadata": {},
   "outputs": [],
   "source": [
    "def train_model_xgb():\n",
    "    from xgboost import XGBClassifier\n",
    "    model = XGBClassifier()\n",
    "    result = model.fit(x_train,y_train)\n",
    "    return model"
   ]
  },
  {
   "cell_type": "code",
   "execution_count": 20,
   "id": "d97b31bc-61b0-4fd6-ae89-4556cb546899",
   "metadata": {},
   "outputs": [],
   "source": [
    "def evaluate_model(model,model_name):\n",
    "    from sklearn.metrics import accuracy_score,precision_score,recall_score,f1_score\n",
    "    y_pred=model.predict(x_test)\n",
    "    y_true=y_test\n",
    "    accuracy=accuracy_score(y_true,y_pred)\n",
    "    precision=precision_score(y_true,y_pred,average=\"micro\")\n",
    "    recall=recall_score(y_true,y_pred,average=\"micro\")\n",
    "    f1=f1_score(y_true,y_pred,average=\"micro\")\n",
    "    return model_name,accuracy,precision,recall,f1"
   ]
  },
  {
   "cell_type": "code",
   "execution_count": 21,
   "id": "b33696e1-0d50-4e13-be48-d545e5a06eb4",
   "metadata": {},
   "outputs": [
    {
     "name": "stderr",
     "output_type": "stream",
     "text": [
      "/home/anant/.local/lib/python3.10/site-packages/sklearn/model_selection/_split.py:737: UserWarning: The least populated class in y has only 3 members, which is less than n_splits=5.\n",
      "  warnings.warn(\n",
      "/home/anant/.local/lib/python3.10/site-packages/sklearn/linear_model/_logistic.py:469: ConvergenceWarning: lbfgs failed to converge (status=1):\n",
      "STOP: TOTAL NO. of ITERATIONS REACHED LIMIT.\n",
      "\n",
      "Increase the number of iterations (max_iter) or scale the data as shown in:\n",
      "    https://scikit-learn.org/stable/modules/preprocessing.html\n",
      "Please also refer to the documentation for alternative solver options:\n",
      "    https://scikit-learn.org/stable/modules/linear_model.html#logistic-regression\n",
      "  n_iter_i = _check_optimize_result(\n",
      "/home/anant/.local/lib/python3.10/site-packages/sklearn/linear_model/_logistic.py:469: ConvergenceWarning: lbfgs failed to converge (status=1):\n",
      "STOP: TOTAL NO. of ITERATIONS REACHED LIMIT.\n",
      "\n",
      "Increase the number of iterations (max_iter) or scale the data as shown in:\n",
      "    https://scikit-learn.org/stable/modules/preprocessing.html\n",
      "Please also refer to the documentation for alternative solver options:\n",
      "    https://scikit-learn.org/stable/modules/linear_model.html#logistic-regression\n",
      "  n_iter_i = _check_optimize_result(\n"
     ]
    },
    {
     "name": "stdout",
     "output_type": "stream",
     "text": [
      "Learning rate set to 0.069091\n",
      "0:\tlearn: 1.8557193\ttotal: 54.7ms\tremaining: 54.6s\n",
      "1:\tlearn: 1.7541771\ttotal: 71.1ms\tremaining: 35.5s\n",
      "2:\tlearn: 1.6905257\ttotal: 76.8ms\tremaining: 25.5s\n",
      "3:\tlearn: 1.6287948\ttotal: 84.4ms\tremaining: 21s\n",
      "4:\tlearn: 1.5668597\ttotal: 88.9ms\tremaining: 17.7s\n",
      "5:\tlearn: 1.5127707\ttotal: 93.1ms\tremaining: 15.4s\n",
      "6:\tlearn: 1.4617142\ttotal: 97.4ms\tremaining: 13.8s\n",
      "7:\tlearn: 1.4218973\ttotal: 103ms\tremaining: 12.8s\n",
      "8:\tlearn: 1.3735098\ttotal: 107ms\tremaining: 11.8s\n",
      "9:\tlearn: 1.3339752\ttotal: 109ms\tremaining: 10.8s\n",
      "10:\tlearn: 1.2949315\ttotal: 111ms\tremaining: 10s\n",
      "11:\tlearn: 1.2402522\ttotal: 117ms\tremaining: 9.63s\n",
      "12:\tlearn: 1.1875354\ttotal: 119ms\tremaining: 9s\n",
      "13:\tlearn: 1.1345876\ttotal: 123ms\tremaining: 8.63s\n",
      "14:\tlearn: 1.0828399\ttotal: 128ms\tremaining: 8.37s\n",
      "15:\tlearn: 1.0503378\ttotal: 132ms\tremaining: 8.1s\n",
      "16:\tlearn: 1.0200716\ttotal: 137ms\tremaining: 7.93s\n",
      "17:\tlearn: 0.9793606\ttotal: 140ms\tremaining: 7.61s\n",
      "18:\tlearn: 0.9546821\ttotal: 144ms\tremaining: 7.42s\n",
      "19:\tlearn: 0.9175684\ttotal: 146ms\tremaining: 7.15s\n",
      "20:\tlearn: 0.8852750\ttotal: 150ms\tremaining: 7.01s\n",
      "21:\tlearn: 0.8695657\ttotal: 155ms\tremaining: 6.9s\n",
      "22:\tlearn: 0.8490843\ttotal: 159ms\tremaining: 6.77s\n",
      "23:\tlearn: 0.8158877\ttotal: 164ms\tremaining: 6.65s\n",
      "24:\tlearn: 0.7902482\ttotal: 169ms\tremaining: 6.59s\n",
      "25:\tlearn: 0.7738555\ttotal: 173ms\tremaining: 6.49s\n",
      "26:\tlearn: 0.7528791\ttotal: 179ms\tremaining: 6.44s\n",
      "27:\tlearn: 0.7376348\ttotal: 183ms\tremaining: 6.35s\n",
      "28:\tlearn: 0.7180261\ttotal: 185ms\tremaining: 6.2s\n",
      "29:\tlearn: 0.6977071\ttotal: 189ms\tremaining: 6.12s\n",
      "30:\tlearn: 0.6760818\ttotal: 194ms\tremaining: 6.05s\n",
      "31:\tlearn: 0.6614892\ttotal: 199ms\tremaining: 6.01s\n",
      "32:\tlearn: 0.6412155\ttotal: 204ms\tremaining: 5.98s\n",
      "33:\tlearn: 0.6275995\ttotal: 209ms\tremaining: 5.92s\n",
      "34:\tlearn: 0.6124888\ttotal: 213ms\tremaining: 5.87s\n",
      "35:\tlearn: 0.5958677\ttotal: 218ms\tremaining: 5.83s\n",
      "36:\tlearn: 0.5859427\ttotal: 218ms\tremaining: 5.69s\n",
      "37:\tlearn: 0.5778721\ttotal: 219ms\tremaining: 5.54s\n",
      "38:\tlearn: 0.5676928\ttotal: 223ms\tremaining: 5.5s\n",
      "39:\tlearn: 0.5550505\ttotal: 225ms\tremaining: 5.4s\n",
      "40:\tlearn: 0.5401318\ttotal: 230ms\tremaining: 5.37s\n",
      "41:\tlearn: 0.5281536\ttotal: 234ms\tremaining: 5.34s\n",
      "42:\tlearn: 0.5179111\ttotal: 239ms\tremaining: 5.31s\n",
      "43:\tlearn: 0.5084577\ttotal: 243ms\tremaining: 5.28s\n",
      "44:\tlearn: 0.4932380\ttotal: 244ms\tremaining: 5.19s\n",
      "45:\tlearn: 0.4850395\ttotal: 249ms\tremaining: 5.16s\n",
      "46:\tlearn: 0.4735890\ttotal: 253ms\tremaining: 5.13s\n",
      "47:\tlearn: 0.4652097\ttotal: 257ms\tremaining: 5.1s\n",
      "48:\tlearn: 0.4571418\ttotal: 261ms\tremaining: 5.07s\n",
      "49:\tlearn: 0.4482212\ttotal: 267ms\tremaining: 5.07s\n",
      "50:\tlearn: 0.4407633\ttotal: 271ms\tremaining: 5.05s\n",
      "51:\tlearn: 0.4273755\ttotal: 273ms\tremaining: 4.98s\n",
      "52:\tlearn: 0.4200116\ttotal: 278ms\tremaining: 4.96s\n",
      "53:\tlearn: 0.4113670\ttotal: 282ms\tremaining: 4.95s\n",
      "54:\tlearn: 0.4036972\ttotal: 287ms\tremaining: 4.94s\n",
      "55:\tlearn: 0.3955492\ttotal: 290ms\tremaining: 4.88s\n",
      "56:\tlearn: 0.3875760\ttotal: 295ms\tremaining: 4.88s\n",
      "57:\tlearn: 0.3822171\ttotal: 301ms\tremaining: 4.89s\n",
      "58:\tlearn: 0.3746532\ttotal: 305ms\tremaining: 4.87s\n",
      "59:\tlearn: 0.3665297\ttotal: 311ms\tremaining: 4.87s\n",
      "60:\tlearn: 0.3598435\ttotal: 316ms\tremaining: 4.86s\n",
      "61:\tlearn: 0.3542353\ttotal: 320ms\tremaining: 4.84s\n",
      "62:\tlearn: 0.3482542\ttotal: 324ms\tremaining: 4.82s\n",
      "63:\tlearn: 0.3429382\ttotal: 328ms\tremaining: 4.8s\n",
      "64:\tlearn: 0.3360183\ttotal: 333ms\tremaining: 4.79s\n",
      "65:\tlearn: 0.3309837\ttotal: 337ms\tremaining: 4.77s\n",
      "66:\tlearn: 0.3272008\ttotal: 341ms\tremaining: 4.75s\n",
      "67:\tlearn: 0.3213821\ttotal: 347ms\tremaining: 4.76s\n",
      "68:\tlearn: 0.3153398\ttotal: 353ms\tremaining: 4.76s\n",
      "69:\tlearn: 0.3079452\ttotal: 357ms\tremaining: 4.74s\n",
      "70:\tlearn: 0.3025506\ttotal: 361ms\tremaining: 4.72s\n",
      "71:\tlearn: 0.2976333\ttotal: 365ms\tremaining: 4.71s\n",
      "72:\tlearn: 0.2945750\ttotal: 369ms\tremaining: 4.69s\n",
      "73:\tlearn: 0.2894642\ttotal: 374ms\tremaining: 4.68s\n",
      "74:\tlearn: 0.2853592\ttotal: 378ms\tremaining: 4.67s\n",
      "75:\tlearn: 0.2792317\ttotal: 384ms\tremaining: 4.67s\n",
      "76:\tlearn: 0.2745563\ttotal: 390ms\tremaining: 4.67s\n",
      "77:\tlearn: 0.2683030\ttotal: 394ms\tremaining: 4.66s\n",
      "78:\tlearn: 0.2646592\ttotal: 399ms\tremaining: 4.65s\n",
      "79:\tlearn: 0.2611415\ttotal: 405ms\tremaining: 4.65s\n",
      "80:\tlearn: 0.2568069\ttotal: 409ms\tremaining: 4.64s\n",
      "81:\tlearn: 0.2524111\ttotal: 414ms\tremaining: 4.63s\n",
      "82:\tlearn: 0.2487150\ttotal: 419ms\tremaining: 4.63s\n",
      "83:\tlearn: 0.2450898\ttotal: 424ms\tremaining: 4.62s\n",
      "84:\tlearn: 0.2401451\ttotal: 429ms\tremaining: 4.62s\n",
      "85:\tlearn: 0.2363784\ttotal: 434ms\tremaining: 4.61s\n",
      "86:\tlearn: 0.2317937\ttotal: 439ms\tremaining: 4.61s\n",
      "87:\tlearn: 0.2282900\ttotal: 444ms\tremaining: 4.6s\n",
      "88:\tlearn: 0.2250070\ttotal: 449ms\tremaining: 4.59s\n",
      "89:\tlearn: 0.2208223\ttotal: 453ms\tremaining: 4.58s\n",
      "90:\tlearn: 0.2173808\ttotal: 457ms\tremaining: 4.56s\n",
      "91:\tlearn: 0.2148189\ttotal: 461ms\tremaining: 4.55s\n",
      "92:\tlearn: 0.2117502\ttotal: 465ms\tremaining: 4.54s\n",
      "93:\tlearn: 0.2091003\ttotal: 471ms\tremaining: 4.54s\n",
      "94:\tlearn: 0.2060312\ttotal: 475ms\tremaining: 4.53s\n",
      "95:\tlearn: 0.2031707\ttotal: 480ms\tremaining: 4.52s\n",
      "96:\tlearn: 0.2004661\ttotal: 484ms\tremaining: 4.51s\n",
      "97:\tlearn: 0.1976407\ttotal: 489ms\tremaining: 4.5s\n",
      "98:\tlearn: 0.1948727\ttotal: 495ms\tremaining: 4.5s\n",
      "99:\tlearn: 0.1919601\ttotal: 499ms\tremaining: 4.49s\n",
      "100:\tlearn: 0.1894026\ttotal: 504ms\tremaining: 4.49s\n",
      "101:\tlearn: 0.1873737\ttotal: 510ms\tremaining: 4.49s\n",
      "102:\tlearn: 0.1847155\ttotal: 514ms\tremaining: 4.47s\n",
      "103:\tlearn: 0.1824308\ttotal: 518ms\tremaining: 4.46s\n",
      "104:\tlearn: 0.1799133\ttotal: 522ms\tremaining: 4.45s\n",
      "105:\tlearn: 0.1773756\ttotal: 527ms\tremaining: 4.44s\n",
      "106:\tlearn: 0.1752327\ttotal: 531ms\tremaining: 4.43s\n",
      "107:\tlearn: 0.1725696\ttotal: 535ms\tremaining: 4.42s\n",
